10
4
1 1 1 1
4
1 1 1 2
4
1 1 1 3
4
1 1 1 4
4
1 1 1 5
4
1 1 2 1
4
1 1 2 2
4
1 1 2 3
4
1 1 2 4
4
1 1 2 5

1
4
1 1 2 5
4
1 1 2 4

6
3
2 4 3
5
1 2 3 4 5
6
1 4 7 1 5 4
2
20092043 20092043
12
9 9 8 2 4 4 3 5 1 1 1 1
6
2 12 7 16 11 12
1
3
2 4 3

1
25
45270782 45405694 45401726 45467198 45401726 44353166 46450286 45401726 45397638 45532782 45401486 45409790 53724798 43304590 44361342 47498366 43304830 45402230 45401726 45401726 38061694 45393598 45393662 47498862 45401726

6
3
2 4 3
5
1 2 3 4 5
6
1 4 7 1 5 4
2
20092043 20092043
12
9 9 8 2 4 4 3 5 1 1 1 1
6
2 12 7 16 11 12

1
6
1 4 7 1 5 4
5
1 2 3 4 5
3
2 4 3

